Средние:
[     34.03       35.18  2187570.69       37.78       81.42     2643.00     3113.43        5.58     1782.21      798.58]

n = 75
Исходная:
⎡    3.60    103.00   2798.00     51.20     43.00    186.00    196.00      8.80    112.00     79.00⎤
⎢    3.80    123.00   4501.00     40.50     51.00    202.00    270.00     13.20    120.00     83.00⎥
⎢    3.60    116.00   2879.00     44.80     27.00    120.00    161.00     11.10     96.00     66.00⎥
⎢    5.60    102.00   4377.00     43.00     32.00    123.00    178.00     10.20     53.00     51.00⎥
⎢    0.60    109.00   3468.00     53.10     43.00    240.00    300.00     13.50     72.00     51.00⎥
⎢    1.00    111.00   1885.00     61.80     41.00    200.00    288.00     12.70    130.00     86.00⎥
⎢    1.10    109.00   2371.00     49.40     41.00    199.00    216.00     10.20    129.00    114.00⎥
⎢    3.40    106.00   1742.00     55.40     49.00    271.00    206.00     12.10    157.00    111.00⎥
⎢    3.30    111.00   1685.00     55.60     56.00    257.00    219.00      7.70    191.00     90.00⎥
⎢    3.00    106.00   1626.00     58.20     32.00    187.00    226.00     10.20    145.00    101.00⎥
⎢    1.30    103.00   1264.00     62.20     37.00    184.00    190.00     13.50    105.00     69.00⎥
⎢    0.90    106.00   1685.00     51.40     45.00    208.00    192.00      7.00    135.00     95.00⎥
⎢    1.10    108.00   1838.00     55.70     36.00    255.00    326.00      7.90    139.00    145.00⎥
⎢    0.40    106.00  12137.00     48.70     69.00    245.00    238.00     13.30     63.00     72.00⎥
⎢    0.90    114.00   2684.00     51.30     58.00    234.00    227.00     11.80     86.00     76.00⎥
⎢    1.50    114.00   1922.00     49.70     72.00    242.00    247.00      7.90    203.00     86.00⎥
⎢    0.70    121.00   1836.00     57.70     51.00    286.00    343.00      8.00    165.00    102.00⎥
⎢    1.30    110.00   2256.00     56.30     42.00    240.00    261.00      8.00    165.00    103.00⎥
⎢    0.90    109.00   1616.00     57.50     35.00    238.00    279.00      9.50    161.00    119.00⎥
⎢    1.30    110.00   2013.00     61.70     48.00    169.00    235.00      8.50    153.00     92.00⎥
⎢    0.90    112.00   2503.00     51.20     44.00    208.00    276.00      8.70    110.00    135.00⎥
⎢    3.90    105.00   1356.00     52.70     43.00    263.00    187.00     10.20    264.00     99.00⎥
⎢    2.00    109.00   1538.00     49.00     44.00    298.00    297.00      6.60    164.00     86.00⎥
⎢    3.60    110.00   1525.00     47.40     46.00    273.00    186.00      5.30    165.00     94.00⎥
⎢    5.20    109.00   1785.00     50.50     52.00    287.00    214.00      9.50    142.00    125.00⎥
⎢    0.60    113.00   2383.00     54.00     37.00    210.00    270.00     12.50     90.00     76.00⎥
⎢    1.30    111.00   2131.00     58.00     59.00    240.00    320.00     11.20    138.00    106.00⎥
⎢    1.80    113.00   2023.00     47.30     44.00    236.00    250.00     11.20    162.00     87.00⎥
⎢    1.30    107.00   1863.00     52.50     55.00    214.00    257.00      8.20    166.00    111.00⎥
⎢    0.70    106.00   2247.00     51.40     45.00    237.00    284.00      9.80    156.00     99.00⎥
⎢    4.60    113.00   2000.00     53.40     47.00    183.00    203.00     10.30    182.00    120.00⎥
⎢   12.40    133.00   1508.00     52.40     58.00    203.00    279.00      6.70     24.00     46.00⎥
⎢    1.10    112.00   2482.00     52.40     50.00    300.00    278.00     10.70    156.00     72.00⎥
⎢    2.40    108.00   2300.00     45.30     48.00    174.00    208.00     15.00     79.00    143.00⎥
⎢    0.70    112.00   1947.00     52.90     51.00    196.00    242.00     11.00    143.00    125.00⎥
⎢    3.00    110.00   1668.00     58.80     42.00    220.00    191.00      9.10    158.00     86.00⎥
⎢    1.30    104.00   3256.00     44.50     41.00    197.00    209.00     12.50    107.00     64.00⎥
⎢    0.80    110.00   1930.00     55.90     49.00    251.00    288.00     18.50    110.00     70.00⎥
⎢    5.50    100.00   1662.00     54.10     41.00    215.00    273.00      8.80    139.00     87.00⎥
⎢    1.40     96.00   1646.00     53.20     34.00    193.00    137.00      9.60    101.00    110.00⎥
⎢   43.90    116.00   1317.00     64.40     25.00    143.00    121.00      6.10     62.00    200.00⎥
⎢   12.70    115.00   1654.00     58.70     39.00    284.00    227.00      8.20    110.00    144.00⎥
⎢    4.30    108.00   1366.00     49.50     39.00    336.00    202.00      8.80    148.00    100.00⎥
⎢    3.60     93.00   1699.00     56.20     43.00    202.00    187.00      9.00     83.00     84.00⎥
⎢    0.70    107.00   2109.00     48.60     45.00    198.00    268.00     12.10     84.00     98.00⎥
⎢    1.00    104.00   1807.00     46.40     42.00    179.00    252.00     14.00     82.00     90.00⎥
⎢    0.90    111.00   2329.00     54.50     38.00    199.00    234.00     12.50     86.00     86.00⎥
⎢    1.60    113.00   2405.00     41.90     57.00    327.00    225.00      8.60    143.00     60.00⎥
⎢    3.30    107.00   1974.00     46.80     42.00    245.00    194.00      6.60    159.00     93.00⎥
⎢    2.30    106.00   1714.00     47.60     48.00    257.00    206.00      8.20    149.00    129.00⎥
⎢    0.70    110.00   1916.00     51.40     47.00    271.00    237.00     11.70     98.00    116.00⎥
⎢    1.60    106.00   3151.00     38.60     46.00    217.00    251.00     11.10    118.00    137.00⎥
⎢    1.10    111.00   2969.00     47.20     46.00    201.00    289.00     10.10    107.00     81.00⎥
⎢    2.60     99.00   2492.00     44.20     52.00    181.00    261.00      8.20    110.00     61.00⎥
⎢    6.10    112.00   1599.00     50.80     59.00    244.00    149.00      6.80    150.00     50.00⎥
⎢    5.00    111.00   1691.00     39.70     41.00    289.00    269.00      8.10    170.00     80.00⎥
⎢    1.90    111.00   3058.00     38.60     39.00    207.00    221.00      8.90    135.00     57.00⎥
⎢    1.00    110.00   2126.00     49.60     43.00    279.00    331.00      8.30    125.00    120.00⎥
⎢    1.50    122.00   2309.00     47.30     57.00    313.00    292.00     13.40    152.00    120.00⎥
⎢    3.70    108.00   2823.00     41.70     40.00    188.00    238.00      8.80    130.00     75.00⎥
⎢    0.40    119.00   7102.00     33.20     37.00    158.00    212.00      8.60    114.00     62.00⎥
⎢    3.50    111.00   2188.00     52.60     49.00    217.00    135.00      7.70     99.00     71.00⎥
⎢   23.00    117.00   1609.00     53.30     42.00    153.00     65.00      9.60     72.00     25.00⎥
⎢    4.40    105.00   2362.00     45.40     48.00    223.00    203.00      8.90    146.00    125.00⎥
⎢    4.00    103.00   3526.00     37.10     50.00    222.00    197.00      8.40    192.00     81.00⎥
⎢    3.40    100.00   2758.00     44.10     46.00    158.00    181.00      9.80    180.00     69.00⎥
⎢   13.80    114.00   1574.00     51.70     45.00    208.00    119.00      6.90    114.00     58.00⎥
⎢    2.10    110.00   4617.00     46.60     73.00    252.00    156.00      8.50     81.00     64.00⎥
⎢    3.00    113.00   1983.00     46.10     28.00    140.00    177.00      7.60    230.00     93.00⎥
⎢    3.10    107.00   2324.00     51.30     39.00     83.00    134.00     11.60    123.00     93.00⎥
⎢    3.50    108.00   3273.00     46.80     49.00    158.00    208.00      8.90    160.00    108.00⎥
⎢    5.80    105.00   2135.00     50.00     34.00    151.00    192.00     10.20    218.00     94.00⎥
⎢    1.80    111.00   4410.00     44.20     49.00    116.00    128.00     11.70    107.00    102.00⎥
⎢    7.80    110.00   4293.00     57.30     44.00    141.00    145.00     14.20     74.00     56.00⎥
⎣    2.50    113.00   3666.00     47.60     54.00    156.00    144.00      9.60    125.00     75.00⎦

Ковариационная матрица:
⎡     34.03        8.52    -1504.00        9.10      -13.30      -64.06     -146.46       -4.03      -59.42       31.04⎤
⎢      8.52       35.18      193.96        0.29       10.59       36.25       50.74       -0.87      -28.75       -9.53⎥
⎢  -1504.00      193.96  2187570.69    -3630.73     3772.02   -13897.31    -3576.45      892.10   -18849.34   -10880.78⎥
⎢      9.10        0.29    -3630.73       37.78       -6.11       19.13       21.82        0.77      -14.62       43.52⎥
⎢    -13.30       10.59     3772.02       -6.11       81.42      176.22       77.82        0.39        5.88      -46.33⎥
⎢    -64.06       36.25   -13897.31       19.13      176.22     2643.00     1401.97      -18.87      598.13      203.51⎥
⎢   -146.46       50.74    -3576.45       21.82       77.82     1401.97     3113.43       20.96      248.71      282.19⎥
⎢     -4.03       -0.87      892.10        0.77        0.39      -18.87       20.96        5.58      -30.93       -6.40⎥
⎢    -59.42      -28.75   -18849.34      -14.62        5.88      598.13      248.71      -30.93     1782.21      221.51⎥
⎣     31.04       -9.53   -10880.78       43.52      -46.33      203.51      282.19       -6.40      221.51      798.58⎦

Стандартизированная матрица:
⎡-0.01  -1.10   0.21   0.15  -0.28  -0.58  -0.48  -0.46  -0.43  -0.45⎤
⎢ 0.02   2.27   1.36  -1.60   0.61  -0.27   0.85   1.40  -0.24  -0.31⎥
⎢-0.01   1.09   0.26  -0.90  -2.05  -1.86  -1.10   0.51  -0.81  -0.91⎥
⎢ 0.33  -1.27   1.28  -1.19  -1.50  -1.80  -0.80   0.13  -1.83  -1.45⎥
⎢-0.53  -0.09   0.66   0.45  -0.28   0.47   1.39   1.53  -1.38  -1.45⎥
⎢-0.46   0.25  -0.41   1.87  -0.50  -0.31   1.17   1.19  -0.01  -0.21⎥
⎢-0.44  -0.09  -0.08  -0.15  -0.50  -0.33  -0.12   0.13  -0.03   0.78⎥
⎢-0.05  -0.60  -0.50   0.83   0.39   1.08  -0.30   0.93   0.63   0.68⎥
⎢-0.06   0.25  -0.54   0.86   1.16   0.80  -0.06  -0.93   1.44  -0.07⎥
⎢-0.12  -0.60  -0.58   1.28  -1.50  -0.56   0.06   0.13   0.35   0.32⎥
⎢-0.41  -1.10  -0.83   1.93  -0.94  -0.62  -0.58   1.53  -0.60  -0.81⎥
⎢-0.48  -0.60  -0.54   0.18  -0.06  -0.15  -0.55  -1.23   0.11   0.11⎥
⎢-0.44  -0.26  -0.44   0.88  -1.05   0.76   1.85  -0.84   0.21   1.88⎥
⎢-0.56  -0.60   6.52  -0.26   2.60   0.57   0.28   1.44  -1.59  -0.70⎥
⎢-0.48   0.75   0.13   0.16   1.38   0.36   0.08   0.81  -1.05  -0.56⎥
⎢-0.37   0.75  -0.38  -0.10   2.94   0.51   0.44  -0.84   1.72  -0.21⎥
⎢-0.51   1.93  -0.44   1.20   0.61   1.37   2.16  -0.80   0.82   0.36⎥
⎢-0.41   0.08  -0.16   0.97  -0.39   0.47   0.69  -0.80   0.82   0.39⎥
⎢-0.48  -0.09  -0.59   1.17  -1.16   0.43   1.01  -0.17   0.73   0.96⎥
⎢-0.41   0.08  -0.32   1.85   0.28  -0.91   0.22  -0.59   0.54   0.01⎥
⎢-0.48   0.41   0.01   0.15  -0.17  -0.15   0.96  -0.51  -0.48   1.53⎥
⎢ 0.04  -0.77  -0.77   0.39  -0.28   0.92  -0.64   0.13   3.17   0.25⎥
⎢-0.29  -0.09  -0.64  -0.21  -0.17   1.60   1.33  -1.40   0.80  -0.21⎥
⎢-0.01   0.08  -0.65  -0.47   0.05   1.11  -0.66  -1.95   0.82   0.08⎥
⎢ 0.26  -0.09  -0.48   0.03   0.72   1.39  -0.15  -0.17   0.28   1.17⎥
⎢-0.53   0.58  -0.07   0.60  -0.94  -0.11   0.85   1.10  -0.95  -0.56⎥
⎢-0.41   0.25  -0.24   1.25   1.50   0.47   1.75   0.55   0.18   0.50⎥
⎢-0.32   0.58  -0.31  -0.49  -0.17   0.39   0.49   0.55   0.75  -0.17⎥
⎢-0.41  -0.43  -0.42   0.36   1.05  -0.03   0.62  -0.72   0.85   0.68⎥
⎢-0.51  -0.60  -0.16   0.18  -0.06   0.41   1.10  -0.04   0.61   0.25⎥
⎢ 0.16   0.58  -0.33   0.50   0.17  -0.64  -0.35   0.17   1.22   1.00⎥
⎢ 1.50   3.95  -0.66   0.34   1.38  -0.25   1.01  -1.35  -2.52  -1.62⎥
⎢-0.44   0.41  -0.00   0.34   0.50   1.64   0.99   0.34   0.61  -0.70⎥
⎢-0.22  -0.26  -0.13  -0.81   0.28  -0.81  -0.26   2.16  -1.22   1.81⎥
⎢-0.51   0.41  -0.37   0.42   0.61  -0.38   0.35   0.47   0.30   1.17⎥
⎢-0.12   0.08  -0.55   1.38  -0.39   0.08  -0.57  -0.34   0.66  -0.21⎥
⎢-0.41  -0.94   0.52  -0.94  -0.50  -0.36  -0.24   1.10  -0.55  -0.99⎥
⎢-0.49   0.08  -0.38   0.91   0.39   0.69   1.17   3.64  -0.48  -0.77⎥
⎢ 0.31  -1.61  -0.56   0.62  -0.50  -0.01   0.90  -0.46   0.21  -0.17⎥
⎢-0.39  -2.28  -0.57   0.47  -1.28  -0.44  -1.53  -0.13  -0.69   0.64⎥
⎢ 6.90   1.09  -0.79   2.29  -2.27  -1.41  -1.82  -1.61  -1.62   3.83⎥
⎢ 1.55   0.92  -0.56   1.37  -0.72   1.33   0.08  -0.72  -0.48   1.85⎥
⎢ 0.11  -0.26  -0.76  -0.13  -0.72   2.34  -0.37  -0.46   0.42   0.29⎥
⎢-0.01  -2.79  -0.53   0.96  -0.28  -0.27  -0.64  -0.38  -1.12  -0.28⎥
⎢-0.51  -0.43  -0.26  -0.28  -0.06  -0.34   0.81   0.93  -1.10   0.22⎥
⎢-0.46  -0.94  -0.46  -0.64  -0.39  -0.71   0.53   1.74  -1.14  -0.07⎥
⎢-0.48   0.25  -0.11   0.68  -0.83  -0.33   0.20   1.10  -1.05  -0.21⎥
⎢-0.36   0.58  -0.06  -1.37   1.27   2.16   0.04  -0.55   0.30  -1.13⎥
⎢-0.06  -0.43  -0.35  -0.57  -0.39   0.57  -0.51  -1.40   0.68   0.04⎥
⎢-0.24  -0.60  -0.52  -0.44   0.28   0.80  -0.30  -0.72   0.44   1.31⎥
⎢-0.51   0.08  -0.39   0.18   0.17   1.08   0.26   0.76  -0.76   0.85⎥
⎢-0.36  -0.60   0.45  -1.90   0.05   0.02   0.51   0.51  -0.29   1.60⎥
⎢-0.44   0.25   0.32  -0.51   0.05  -0.29   1.19   0.09  -0.55  -0.38⎥
⎢-0.18  -1.78   0.00  -0.99   0.72  -0.68   0.69  -0.72  -0.48  -1.09⎥
⎢ 0.42   0.41  -0.60   0.08   1.50   0.55  -1.32  -1.31   0.47  -1.48⎥
⎢ 0.23   0.25  -0.54  -1.73  -0.50   1.43   0.83  -0.76   0.94  -0.42⎥
⎢-0.30   0.25   0.38  -1.90  -0.72  -0.17  -0.03  -0.42   0.11  -1.23⎥
⎢-0.46   0.08  -0.25  -0.12  -0.28   1.23   1.94  -0.68  -0.13   1.00⎥
⎢-0.37   2.10  -0.12  -0.49   1.27   1.89   1.24   1.48   0.51   1.00⎥
⎢ 0.00  -0.26   0.23  -1.40  -0.61  -0.54   0.28  -0.46  -0.01  -0.60⎥
⎢-0.56   1.59   3.12  -2.78  -0.94  -1.12  -0.19  -0.55  -0.39  -1.06⎥
⎢-0.03   0.25  -0.20   0.37   0.39   0.02  -1.57  -0.93  -0.74  -0.74⎥
⎢ 3.31   1.26  -0.59   0.49  -0.39  -1.22  -2.82  -0.13  -1.38  -2.37⎥
⎢ 0.12  -0.77  -0.09  -0.80   0.28   0.14  -0.35  -0.42   0.37   1.17⎥
⎢ 0.06  -1.10   0.70  -2.15   0.50   0.12  -0.46  -0.63   1.46  -0.38⎥
⎢-0.05  -1.61   0.18  -1.01   0.05  -1.12  -0.75  -0.04   1.18  -0.81⎥
⎢ 1.74   0.75  -0.62   0.23  -0.06  -0.15  -1.86  -1.27  -0.39  -1.20⎥
⎢-0.27   0.08   1.44  -0.60   3.05   0.71  -1.19  -0.59  -1.17  -0.99⎥
⎢-0.12   0.58  -0.34  -0.68  -1.94  -1.47  -0.82  -0.97   2.36   0.04⎥
⎢-0.10  -0.43  -0.11   0.16  -0.72  -2.58  -1.59   0.72  -0.17   0.04⎥
⎢-0.03  -0.26   0.53  -0.57   0.39  -1.12  -0.26  -0.42   0.70   0.57⎥
⎢ 0.36  -0.77  -0.24  -0.05  -1.28  -1.26  -0.55   0.13   2.08   0.08⎥
⎢-0.32   0.25   1.30  -0.99   0.39  -1.94  -1.70   0.76  -0.55   0.36⎥
⎢ 0.71   0.08   1.22   1.14  -0.17  -1.45  -1.39   1.82  -1.33  -1.27⎥
⎣-0.20   0.58   0.80  -0.44   0.94  -1.16  -1.41  -0.13  -0.13  -0.60⎦

Корреляционная матрица:
⎡ 1.00   0.25  -0.17   0.25  -0.25  -0.21  -0.45  -0.29  -0.24   0.19⎤
⎢ 0.25   1.00   0.02   0.01   0.20   0.12   0.15  -0.06  -0.11  -0.06⎥
⎢-0.17   0.02   1.00  -0.40   0.28  -0.18  -0.04   0.26  -0.30  -0.26⎥
⎢ 0.25   0.01  -0.40   1.00  -0.11   0.06   0.06   0.05  -0.06   0.25⎥
⎢-0.25   0.20   0.28  -0.11   1.00   0.38   0.15   0.02   0.02  -0.18⎥
⎢-0.21   0.12  -0.18   0.06   0.38   1.00   0.49  -0.16   0.28   0.14⎥
⎢-0.45   0.15  -0.04   0.06   0.15   0.49   1.00   0.16   0.11   0.18⎥
⎢-0.29  -0.06   0.26   0.05   0.02  -0.16   0.16   1.00  -0.31  -0.10⎥
⎢-0.24  -0.11  -0.30  -0.06   0.02   0.28   0.11  -0.31   1.00   0.19⎥
⎣ 0.19  -0.06  -0.26   0.25  -0.18   0.14   0.18  -0.10   0.19   1.00⎦

Матрица статистики - по диагонали none:
⎡ 0.00   2.20  -1.53   2.27  -2.26  -1.89  -4.36  -2.65  -2.15   1.66⎤
⎢ 2.20   0.00   0.19   0.07   1.75   1.04   1.34  -0.54  -1.00  -0.49⎥
⎢-1.53   0.19   0.00  -3.77   2.55  -1.61  -0.38   2.29  -2.74  -2.34⎥
⎢ 2.27   0.07  -3.77   0.00  -0.96   0.53   0.55   0.46  -0.49   2.24⎥
⎢-2.26   1.75   2.55  -0.96   0.00   3.56   1.35   0.16   0.13  -1.60⎥
⎢-1.89   1.04  -1.61   0.53   3.56   0.00   4.85  -1.36   2.48   1.23⎥
⎢-4.36   1.34  -0.38   0.55   1.35   4.85   0.00   1.40   0.92   1.58⎥
⎢-2.65  -0.54   2.29   0.46   0.16  -1.36   1.40   0.00  -2.83  -0.83⎥
⎢-2.15  -1.00  -2.74  -0.49   0.13   2.48   0.92  -2.83   0.00   1.64⎥
⎣ 1.66  -0.49  -2.34   2.24  -1.60   1.23   1.58  -0.83   1.64   0.00⎦

Матрица H1/H0 по диагонали -1:
⎡-1   1   0   1   1   0   1   1   1   0⎤
⎢ 1  -1   0   0   0   0   0   0   0   0⎥
⎢ 0   0  -1   1   1   0   0   1   1   1⎥
⎢ 1   0   1  -1   0   0   0   0   0   1⎥
⎢ 1   0   1   0  -1   1   0   0   0   0⎥
⎢ 0   0   0   0   1  -1   1   0   1   0⎥
⎢ 1   0   0   0   0   1  -1   0   0   0⎥
⎢ 1   0   1   0   0   0   0  -1   1   0⎥
⎢ 1   0   1   0   0   1   0   1  -1   0⎥
⎣ 0   0   1   1   0   0   0   0   0  -1⎦

Отличие от нуля коэффициента корреляции обусловлено случайными величинами 
В стандартизованной ковариационная и корреляционной: в каждом столбце мат ожидание равно 0, оценка дисперсии равняется единице 
У ковариационной матрицы по диагонали стоят дисперсии, у корреляционной матрице по диагонали стоят единицы 
Поэтому в статистической матрице по диагонали деление на ноль 
a = 0.05
t = 1.994
